3.847023724564462704e-02
4.586181428539316540e-01
6.485165598729065728e-01
1.269728480925595426e-01
1.515582113951038923e-02
3.052272107209521180e-03
4.909347258829454751e-15
5.881722691107266199e-01
1.437158667045896066e-01
2.221437300205118728e-03
4.825235030461046647e-03
1.530221444505166506e-01
4.410434356262028744e-04
2.507951578743062293e-01
6.871210149707379060e-06
5.985652172788939740e-02
1.561910766185529986e-01
6.519506697087366076e-01
2.461539570642025943e-01
3.054997756098332823e-02
1.039273186291727637e-02
4.176900749592833695e-02
6.210880032495413872e-01
5.630850877019295542e-01
9.785563364494088978e-02
1.862427798954131575e-01
9.089878452428770900e-04
2.953370124563942101e-02
2.773450770660676815e-02
1.667504026130314232e-01
2.350720229298279215e-02
2.060245444910450696e-01
5.140496735528764932e-02
1.509710413653083949e-01
7.692797356350322691e-02
3.506078998286226711e-01
5.036792528327363461e-02
9.633268147294772321e-01
3.854230655163836117e-01
9.807505629590015928e-02
1.784282111595657250e-01
9.371051879102081372e-01
2.315012776054727606e-01
1.135661930608834330e-01
1.191976861888025748e-06
5.941055646764488440e-02
4.426530144107581610e-01
7.138186779963899553e-02
6.138028084876744755e-02
6.344876439933639922e-01
8.145975723731947449e-01
5.227970612519980964e-01
6.070236453599934245e-01
9.139567220113274937e-01
7.768343758969703527e-01
9.938622845733317002e-01
5.969980577429058188e-01
5.604222511841703280e-01
8.856354197998228539e-01
9.127348867817547395e-01
9.616746502781312600e-01
8.744716876055911303e-01
3.452494415354954160e-01
9.902068678996913675e-01
9.349750830406546864e-01
9.729050662057869836e-01
9.460575050311040846e-01
7.606314139881402703e-01
8.000558167860754022e-01
9.410787813010044189e-01
9.953075884702342613e-01
6.920281683081491719e-01
9.081418265093968989e-01
8.714818190728793601e-01
9.475942470223712721e-01
9.375424731197006256e-01
9.908185412779371148e-01
9.263747636071608671e-01
9.895570191815976635e-01
6.040183144683951566e-01
3.051399884504769622e-01
9.946710424822887697e-01
9.009613362722924679e-01
9.867441368237223065e-01
9.012301276875319678e-01
9.656321404095663530e-01
9.693302021129858170e-01
9.135680378546326974e-01
9.356113024874174178e-01
8.652346337417955446e-01
5.955460078088168352e-01
8.233140875810890380e-01
7.916148187307060491e-01
8.243916471427351622e-01
9.214254091554980874e-01
9.422209250135736847e-01
9.649026350028629961e-01
9.255632972428577965e-01
9.461846561210355278e-01
8.293872866124599730e-01
