5.736368053888564189e-01
5.330049675329673331e-01
4.154155008159294837e-01
4.694265340906657591e-01
7.596601976004461187e-01
7.699520488458088119e-01
9.999774463195501006e-01
4.116532358231096977e-01
4.371084692294124330e-01
8.162165877584844909e-01
8.747459961133390305e-01
4.577852809892406505e-01
8.623481964053579807e-01
5.017270222822339809e-01
9.810089433493590638e-01
5.208182465270733141e-01
5.578852897753612261e-01
4.496661170584328460e-01
6.974331566967311158e-01
6.479840315252404226e-01
7.332274128857463324e-01
5.218887102291129843e-01
4.132933830093850625e-01
4.915110918377934568e-01
5.382248384125960516e-01
5.787330573346723961e-01
8.625023731212060341e-01
5.264617721457162114e-01
5.225339925355868553e-01
5.064902613397326281e-01
5.630604073076054261e-01
4.560862252817016738e-01
5.010093377494971856e-01
5.664735545133843253e-01
7.522432787499789830e-01
5.446383552796902894e-01
5.469364718215292687e-01
3.412035043211062990e-01
4.187428920479029926e-01
4.701824484829138506e-01
5.587799422671028138e-01
3.627054964883819621e-01
4.447827736000626864e-01
5.125780638692865043e-01
9.862671919401141407e-01
4.953071400008824954e-01
4.444474488663360812e-01
5.362098552881487956e-01
5.312755872780693389e-01
4.308813716034083363e-01
5.077463846590819507e-01
3.816005128372165212e-01
5.400245488906005864e-01
3.168409634639692274e-01
3.940244500188868626e-01
2.680014689387412719e-01
4.121450578280402288e-01
4.086202219031242477e-01
3.447809689411324707e-01
3.737952003581629934e-01
3.197591928366076974e-01
3.670956397045527231e-01
4.078166913788609516e-01
2.803701926860041604e-01
3.683295830057504161e-01
2.929891913930667280e-01
3.323078095759809947e-01
4.849779110369842883e-01
3.503038760941964980e-01
3.578049593358086922e-01
2.831551237753652805e-01
3.661211975592619794e-01
3.352389073772193417e-01
3.348319504286688120e-01
3.283306743887640100e-01
3.916282499420504770e-01
2.622633572345867137e-01
3.163388000592801674e-01
3.132775468861768720e-01
3.750607951668014084e-01
4.120457225538159407e-01
3.700362138528811573e-01
3.872551032198955356e-01
3.002729904746212486e-01
3.298824059096583383e-01
3.223894025901034577e-01
3.094919723863520655e-01
3.343007542971347390e-01
3.312581912006095086e-01
5.170468517358897120e-01
3.748942651944335291e-01
3.687366367630247610e-01
3.746451268910838128e-01
3.769881324351403995e-01
3.472980731454361480e-01
3.108425148713185315e-01
2.923314382163549885e-01
3.342315093804402171e-01
4.113613692112241815e-01
3.457886913024565967e-01
