9.087588602611164079e-01
5.980940171802417993e-01
7.781485889879914408e-01
7.963813191287005822e-01
7.634083367302025858e-01
5.693429079254797021e-01
7.747556580527558134e-01
9.308415394927016528e-01
7.788111364276837367e-01
7.286580441597801938e-01
9.161424237172265395e-01
6.945545734454633413e-01
7.419361290839179279e-01
8.533150160887389424e-01
9.105728111335369412e-01
5.374031833857366713e-01
5.870835098402522600e-01
9.570788324914484280e-01
7.549251786328875502e-01
8.021014492810302210e-01
7.539476508260872789e-01
9.234890376609752316e-01
8.750196264175135186e-01
8.515130259943713975e-01
6.151431710234054329e-01
6.074098826509917171e-01
5.413156438242529012e-01
5.259104390903978077e-01
7.130914713022135087e-01
8.121229901425635056e-01
6.968364121837719027e-01
2.448750458195821100e-01
3.437173689064101367e-01
6.693778847170300805e-01
8.105865837607924007e-01
8.920181866897458622e-01
8.201554384009508425e-01
8.473600377846218779e-01
8.538157550171867616e-01
6.993864693777117614e-01
7.671794012167185706e-01
9.166272295093585987e-01
6.966445583460150193e-01
7.072621141065921213e-01
8.840990445527837638e-01
5.802502791689257977e-01
6.196750935105160840e-01
8.471098350021042389e-01
9.499363822887127995e-01
8.044292542530586676e-01
1.629563148500142167e-01
1.743137911138374629e-01
1.184288717735475782e-01
4.459886349237001668e-01
4.349693360858032376e-01
4.844424533687551326e-01
6.831679827754627565e-01
4.902652433515498065e-01
1.555976766180040549e-01
6.457906287551530566e-02
3.666162216370235649e-01
1.095139607299446677e-01
2.099574754010670730e-01
3.492904504783914676e-01
6.392604776501816799e-01
1.036755355861263411e-01
2.513740403433767368e-01
1.043940679672019090e-01
1.251948639591352885e-01
5.745314156013494600e-01
1.805903225381855215e-01
1.383544396399457865e-01
5.853728530844552053e-02
1.280738050177203935e-01
4.678178645878194319e-01
3.834918444866080023e-01
1.236852185049290426e-01
1.694598257802731045e-01
3.389788396922874258e-01
2.886188853204680327e-01
6.029076392635057680e-01
2.161702258581189307e-01
3.997378876665586556e-01
2.644039552076438149e-01
7.670275947027097030e-02
1.162311618513234696e-01
1.790458514436275295e-01
1.654025668051862796e-01
1.226188343283054483e-01
3.833745667958027847e-01
2.807196317962258880e-01
3.042081543821008593e-01
5.489441588028582952e-01
6.322562297616597660e-02
3.372799530011276192e-01
2.787888111204608332e-01
1.647665438553202466e-01
1.397963296760542373e-01
5.754981151870430106e-02
2.179187463862659879e-01
