3.272001542618190317e-01
4.256866407058196994e-02
3.905193473171546248e-02
6.705113195557496630e-02
6.729384176894946668e-02
1.503994268270880952e-01
7.816411665137215636e-02
4.103279137417925604e-03
1.283701420681451766e-01
2.456014658012404747e-02
5.002267249500174512e-02
5.340694962520880357e-02
6.625728962461115146e-02
6.938904406896598265e-02
2.102382900847131128e-02
4.780631306011114967e-01
1.803588776008685154e-02
4.002129226552061242e-02
1.020017031451915246e-01
1.295960344973919737e-02
1.390632738700013464e-02
1.408696097629850708e-01
7.843210168665447346e-02
1.034980099367148743e-01
6.814239319882067596e-03
8.669377692030874258e-03
3.185028724900403757e-02
2.489728002505187388e-01
1.753974236284642357e-02
5.707942835371210277e-01
8.495697414666847358e-02
1.668915687445169868e-02
6.972848805063458846e-03
2.046336269565218746e-02
2.099835975450989878e-01
6.948017096773100032e-02
2.044920676876245680e-01
2.718977227841308242e-01
2.417107827438329942e-02
2.556633989826496978e-02
6.938231214395951252e-02
2.836379011045249421e-02
1.108603737468967856e-02
1.062424614702151410e-01
6.758020057081583210e-02
1.084838885712380019e-01
1.735442955405394963e-02
5.894491715452156687e-03
4.749271025703300647e-02
1.139640942834986737e+00
6.070613895068751459e-02
1.199639900825971855e-01
2.825031325739307125e-02
1.224654057788577693e-01
6.657798212874782573e-02
7.800449884996768675e-03
7.228828049220532848e-02
5.417447232522586142e-02
1.009621464690487469e-01
5.696962596088996772e-02
2.861681508269295002e-02
2.089442436353420793e-02
6.195138739300434239e-01
1.248361890876166891e+00
7.373546916101607618e-01
6.005496946139523562e-01
5.684725494846205596e-01
7.245951052569564732e-01
6.905680594188592369e-01
1.436161759348921096e+00
2.166634430247373011e+00
1.158742797701719507e+00
1.122398287980600040e+00
8.730431562322381600e-01
1.198103748235828325e+00
5.591763583056351683e-01
8.613446166812207538e-01
7.090859165238367900e-01
9.342512277775358864e-01
3.822948704266755926e-01
8.767992239216769734e-01
2.214152848225967141e+00
1.173247499371283586e+00
9.717520358950351156e-01
5.872524513725387862e-01
5.279785177066108615e-01
6.557150033053830152e-01
1.043599599381823895e+00
1.563169792304238914e+00
9.348446707201553130e-01
6.095363080449948123e-01
8.951503569287934114e-01
7.051813436497321730e-01
9.620976910104026558e-01
7.712342859335760137e-01
1.355350689470509407e+00
1.121123801778241891e+00
5.959967024544964298e-01
1.067220918347741687e+00
1.302268840076278078e+00
1.658578390396110436e+00
9.006272547518706650e-01
8.098347678772237490e-01
1.283575822486653584e+00
4.190278981533209213e-01
8.170778314443751800e-01
8.652371688901751012e-01
1.142100989125019561e+00
6.808417902461828541e-01
5.187039628907019750e-01
1.264106807640906105e+00
4.758164859984375661e-01
1.064984742083820546e+00
5.406219679263317701e-01
4.224765685609166432e-01
1.207439045879448392e+00
1.505104010809748871e+00
6.873238574664145561e-01
1.210025883487560572e+00
8.836523045574292690e-01
7.807382242719083099e-01
7.839114739478701965e-01
6.377849228701512052e-01
1.046702950058123971e+00
