-3.202312297247900119e-01
-9.304425678544836487e-01
7.856843294112156872e-01
1.631099489664423752e-01
8.933655558917401596e-01
2.675152608800719367e-01
2.357779044614599639e-01
9.471017811284241361e-01
1.038212761674325080e+00
8.903561651582929670e-01
1.044841772017278236e+00
-3.931407779057448371e-02
-6.541896793229824425e-01
4.702880027577731603e-01
-1.423437025554648017e-01
6.768170924906868891e-01
4.181290008215188259e-01
7.678299263785444140e-01
-6.523370668800012595e-01
-5.968297498975516646e-01
-6.155937490925786904e-01
-5.581420287882785658e-01
1.113408614171937927e-01
-8.684873101907086834e-01
-8.994032537679093053e-01
-9.493731316777456186e-01
-5.457142470777540666e-01
-5.889027358462843864e-01
-6.422709913128272774e-01
7.855246281524941310e-01
5.339025560715731089e-01
1.075417586377838575e+00
1.782180920398559465e-01
-1.256311926927153877e-01
3.841398614327182770e-01
9.407259881946110625e-01
1.064037563334352399e-01
7.814359444542722244e-01
-4.712914181878176123e-01
6.977475178468588446e-01
-5.631223861851175627e-01
-1.780148844873430392e-01
-5.694510748407439760e-01
-6.497924969749111490e-01
3.786883432909071701e-01
9.668137213387693052e-01
7.197228270707465292e-01
4.398855558350717732e-01
9.207220908048134866e-01
-7.833973169611141429e-01
8.629081941171969916e-01
6.942661187055378935e-01
-1.009444564610708639e-01
1.369499860915207590e-02
3.071912495469456550e-01
2.670296888969029836e-01
4.409716344102563856e-01
-1.006151163085492684e+00
-5.360971403622691867e-01
1.023808452008730718e+00
1.040970881546128712e+00
-6.812396280498198564e-01
-8.919529579004752406e-01
-6.286758306526323281e-01
9.058150796702868490e-01
5.115043421539589019e-01
9.022726932235975994e-01
-6.666312557471966160e-01
5.304446952170502882e-01
6.612960073473237443e-01
-6.888790233612631653e-01
1.592386130328099503e-01
-9.175195495482491026e-01
9.781238848592446189e-01
7.292952573800199900e-01
5.201725577808944401e-01
2.852596886692897460e-01
-9.934794634599835028e-01
2.655795100307700163e-01
1.418852513177963348e-01
1.796134708339860442e-01
-7.471015845273107914e-01
-1.029868382848260211e+00
6.001245582362031428e-01
-1.994469416578112941e-01
-9.419504015636327443e-01
-2.917707415645818259e-01
7.915021286063410599e-01
9.318941842307948420e-01
-5.052327685183968242e-01
-7.942867687436994117e-01
-3.746026246605360654e-01
8.813171580432097585e-01
5.721939353034720399e-02
1.062211732417774446e+00
2.444303443592268366e-01
-1.128758630876474101e-01
-9.036740603767565716e-01
-1.012665877609904896e+00
6.983679689698540916e-01
-7.673462984096797168e-01
6.094217035240728775e-02
9.180893687063171882e-01
3.050646191806566376e-01
7.672496719799291043e-01
-9.990438181799801143e-01
-6.769531984473488029e-01
-2.765316083006688075e-01
7.728054722423891576e-01
-8.652013033337517811e-01
4.958105455356864866e-02
-9.205313913144710369e-01
4.670106727515417333e-01
6.895585773453147826e-01
-9.446707535140559386e-01
-9.294066868702834938e-01
4.372054276870644962e-01
1.239906176942362492e-01
-1.796313910580238371e-02
5.220450968885295140e-01
-4.527862126910218166e-01
1.700484185595028119e-01
9.301941259604262768e-03
-3.270140324087371653e-01
2.729758631700462956e-02
-3.333942668287956934e-01
-4.385892367973731609e-01
6.078438383995008465e-01
-7.647380486134860433e-01
1.054803650827563555e+00
1.931620260842772385e-01
1.166149672456281428e-01
-3.059083873380146201e-01
2.156204507705545836e-01
4.517518895834549131e-02
1.092012741660030595e-01
-9.539667130403013395e-01
-8.587688397594526180e-01
9.255541390525507950e-01
1.027253769474779865e+00
-5.758295232815271447e-01
-9.805331653112863144e-01
7.224004201470252129e-01
9.172140464549176642e-01
-6.772576540897143893e-01
-7.058400289100426050e-01
2.565238810443892792e-01
-7.035947227955849925e-01
-7.644021467113657486e-01
4.073448572567475168e-01
-1.056006576891793891e+00
-7.991473102505697312e-01
4.640332233833777131e-01
4.854532797278068301e-01
9.102022982820714425e-01
-7.355072089992873430e-01
-6.503897566505223438e-01
4.654888411408547588e-01
4.712048654715630391e-01
2.694024237755326956e-01
1.036992211160807642e-01
-1.561829076816951822e-01
1.032498517210981515e+00
6.410369500537282939e-02
6.335888304851060582e-01
-1.004408674541079627e+00
-6.953670637078239736e-01
-3.644551180167638904e-01
9.044399395822821930e-01
-6.722706507563573908e-01
2.500329730064052569e-01
9.055976643356502542e-01
5.471793374168711921e-01
4.411131800782754908e-01
7.471039980549142312e-01
-7.301339185430322232e-01
-3.282570218118925354e-01
7.366435285053065662e-01
-1.354212325149704021e-01
-6.709524987549428943e-01
4.494025130675818880e-02
4.637847621326081082e-01
-6.561988994126277674e-01
7.400120765871007755e-01
2.766478917100805290e-01
-9.026164904310425285e-01
-1.048437820126778774e+00
4.174763448318170589e-01
-6.426469803081928944e-01
2.959579922843400546e-01
7.963466268497043643e-01
-9.638243642218542462e-01
4.976907381350059723e-02
8.461325998823845396e-01
7.001941989725741777e-01
2.990366771271959490e-01
1.267405162669741348e-01
-6.547081406782755408e-01
2.773427352620529973e-01
1.041523509759460397e+00
